# name: debug
# type: sparse matrix
# nnz: 36
# rows: 6
# columns: 6

1 1 74170124.163117066
2 1 -21748317.718093358
3 1 8250023.875255859
4 1 -733795.997661371
5 1 -5116357.321979363
6 1 -2336879.207764746
1 2 -21748317.718097303
2 2 73818339.667401761
3 2 -21658783.550455626
4 2 7728739.181809477
5 2 986224.850217878
6 2 750175.452114105
1 3 8250023.875256375
2 3 -21658783.550456855
3 3 12538199.078905899
4 3 -2234492.302848150
5 3 -363925.236800942
6 3 -252428.852556739
1 4 -733795.997661316
2 4 7728739.181809560
3 4 -2234492.302848055
4 4 1090740.623956487
5 4 74788.216627926
6 4 76823.032358655
1 5 -5116357.321979447
2 5 986224.850217879
3 5 -363925.236800909
4 5 74788.216627938
5 5 459785.641204653
6 5 210354.969164515
1 6 -2336879.207764751
2 6 750175.452113900
3 6 -252428.852556705
4 6 76823.032358649
5 6 210354.969164514
6 6 97921.888176916
